44
133
288
329
333
333
330
273
118
38
9
3
3
3
-5
-33
-105
-222
-317
-323
-323
-317
-234
-111
-36
-2

61
118
199
275
312
312
274
194
113
56
25
12
4
-4
-17
-45
-92
-155
-220
-258
-260
-227
-165
-98
-48
-19

59
96
138
178
201
202
177
136
92
56
32
16
5
-6
-21
-42
-73
-108
-143
-163
-165
-147
-114
-78
-46
-23

53
74
100
121
131
132
119
97
72
50
30
17
5
-6
-19
-35
-54
-75
-94
-106
-107
-98
-80
-59
-39
-24

45
59
73
84
92
91
84
72
57
41
28
16
6
-4
-15
-27
-41
-53
-65
-71
-72
-67
-57
-45
-32
-21

38
47
56
64
67
67
62
53
43
34
24
15
6
-3
-12
-20
-30
-39
-46
-50
-51
-48
-42
-34
-26
-18

32
37
43
48
50
50
46
42
35
28
20
14
7
-1
-8
-15
-22
-27
-32
-35
-35
-34
-30
-25
-20
-14

27
31
34
38
39
38
36
32
27
22
18
12
6
1
-5
-11
-15
-18
-23
-25
-25
-24
-21
-20
-15
-11

22
25
28
29
31
31
28
26
23
19
15
10
5
1
-3
-7
-10
-13
-16
-17
-18
-18
-16
-14
-11
-9

20
23
23
24
25
25
23
22
19
17
13
10
6
3
0
-4
-6
-9
-12
-12
-12
-13
-12
-11
-8
-7

17
18
20
21
21
21
20
19
16
14
11
9
6
4
1
-2
-4
-6
-7
-9
-9
-8
-8
-7
-6
-5

