462
373
219
178
174
175
179
237
393
475
506
514
515
513
511
508
506
505
503
503
502
501
501
500
500
500

445
388
307
231
195
195
234
314
396
454
485
498
504
506
505
505
504
503
503
502
501
501
501
500
500
500

446
410
367
328
305
305
330
371
415
451
475
489
496
500
502
502
502
502
502
501
501
500
500
500
499
499

452
431
406
385
374
374
386
408
433
455
473
484
492
496
498
499
500
500
500
500
500
500
500
500
499
499

460
446
432
421
413
414
421
433
447
462
474
483
489
493
496
498
499
499
499
499
499
499
499
499
499
499

467
458
449
441
438
438
442
450
459
468
476
483
488
492
495
496
497
498
499
499
499
499
499
499
499
499

472
467
461
456
454
454
457
461
467
473
479
484
488
491
494
496
497
497
498
498
498
498
498
498
499
498

477
473
470
466
465
465
467
470
474
478
481
485
489
491
493
495
496
496
497
498
498
498
498
499
498
498

481
478
475
474
472
472
474
476
478
481
484
487
490
492
493
494
495
496
497
497
498
498
498
498
498
498

483
481
480
479
478
478
479
480
482
483
486
488
490
492
493
495
495
496
497
497
497
498
498
498
498
498

486
485
483
482
482
482
482
483
485
486
488
489
491
492
493
494
495
496
496
497
497
497
497
498
498
498

