968
879
726
685
681
683
688
747
904
988
1021
1031
1033
1029
1017
983
907
788
689
683
681
685
768
889
964
998

951
894
813
737
702
702
742
822
905
964
995
1008
1012
1008
993
965
916
851
786
746
742
775
837
902
952
981

951
916
872
834
811
812
837
878
922
958
982
994
997
994
983
962
931
896
861
839
837
853
886
922
952
975

957
936
912
891
879
880
891
913
938
960
976
985
989
986
977
963
946
925
906
894
893
902
920
941
959
974

965
951
937
926
918
919
926
938
951
965
976
982
984
982
977
969
957
945
933
927
926
931
941
953
966
977

972
963
954
946
943
943
946
953
961
970
976
981
982
981
978
972
964
957
952
948
947
950
956
964
972
980

976
971
965
960
958
958
960
964
969
974
978
982
983
981
980
977
972
967
964
961
961
962
966
971
978
982

981
977
974
970
969
968
970
972
975
978
980
982
984
983
981
979
977
974
971
971
971
972
975
978
981
985

984
981
978
977
975
975
976
978
979
981
983
984
985
985
983
981
980
979
978
977
978
978
980
982
985
987

986
985
983
982
981
981
981
982
983
983
985
986
986
987
986
986
984
983
982
982
982
983
984
985
988
989

989
988
986
985
985
985
984
985
986
986
987
987
988
988
987
986
986
986
985
985
985
986
986
989
990
991

