-4   -4   0  error:  2.23606797749979
5   -3   0  error:  6.082762530298219
5   -2   0  error:  1.0
5   -1   0  error:  1.0
-4   0   0  error:  1.0
-3   0   0  error:  2.0
6   0   0  error:  1.0
5   2   0  error:  1.0
5   3   0  error:  1.0
-2   -3   1  error:  1.7320508075688772
6   -1   1  error:  1.0
5   0   1  error:  1.0
6   1   1  error:  1.0
6   2   1  error:  1.0
6   3   1  error:  1.0
-2   6   1  error:  3.605551275463989
6   -1   2  error:  3.1622776601683795
-2   2   2  error:  1.4142135623730951
-3   6   2  error:  1.0
-2   6   2  error:  3.1622776601683795
6   -1   3  error:  1.0
3   0   3  error:  1.4142135623730951
-3   6   3  error:  2.23606797749979
6   -3   4  error:  1.7320508075688772
-4   -2   4  error:  3.7416573867739413
-2   6   4  error:  1.0
-4   -2   5  error:  1.0
5   -2   5  error:  1.0
0   7   5  error:  1.7320508075688772
-3   -5   6  error:  1.0
-6   0   6  error:  1.4142135623730951
5   0   6  error:  1.0
5   3   6  error:  1.0
-3   5   6  error:  1.0
-1   6   6  error:  1.0
3   6   6  error:  1.0
-3   -4   7  error:  1.4142135623730951
5   0   7  error:  1.4142135623730951
6   0   7  error:  1.0
6   1   7  error:  1.0
5   2   7  error:  2.23606797749979
-5   3   7  error:  1.0
-3   4   7  error:  1.0
-3   5   7  error:  1.4142135623730951
1   6   7  error:  1.0

